13064 212 254
17691 49 115
11410 95 222
17943 60 136
19467 119 219
17732 127 287
20047 60 271
19738 182 291
18841 105 205
12317 49 124
20569 187 201
19696 70 227
15745 270 336
20454 44 204
16830 163 251
16220 160 193
14308 42 97
11906 135 207
19977 120 283
19944 216 256
13036 112 163
18133 200 291
16815 162 276
13453 30 54
15383 132 273
12717 244 251
16261 272 409
14221 112 132
12272 300 414
11382 149 221
17806 149 221
18151 297 387
18268 9 83
18261 117 130
13073 216 429
19208 154 234
19848 7 20
18009 97 257
17939 130 266
16148 128 225
13602 233 364
14530 222 373
16393 252 337
13584 161 210
15282 250 369
20233 250 330
11761 253 303
13124 98 174
20992 139 242
20760 211 312
14929 155 143
18656 222 306
18957 39 111
17053 99 117
18768 137 196
12964 125 306
11621 190 204
21059 61 246
12436 9 157
19782 166 237
17798 276 369
12815 23 208
11393 132 190
13013 162 235
14709 173 316
16904 260 357
14746 289 473
13772 152 275
15517 190 272
11170 188 323
18983 66 198
15662 246 401
17576 166 219
19147 83 175
15167 80 232
16865 171 214
18948 270 351
16019 161 355
14188 37 124
13181 197 293
18515 292 364
18027 206 422
18860 144 212
18256 239 333
20834 255 346
20215 172 274
14392 242 352
19476 95 200
18563 250 240
20765 282 431
18456 11 100
13021 243 356
19057 151 225
17765 238 380
16885 145 253
13668 152 208
13830 178 199
18328 167 229
18363 64 212
20480 25 22
