100
0.389853
0.626335
0.879546
0.226717
0.911189
0.998808
0.921397
0.548357
0.540498
0.034027
0.685361
0.187649
0.177835
0.097970
0.850497
0.517301
0.633985
0.730424
0.740440
0.624505
0.518022
0.912391
0.838073
0.010838
0.587661
0.117655
0.530959
0.158106
0.227740
0.191490
0.180268
0.694283
0.463093
0.046495
0.562059
0.101300
0.574303
0.029605
0.521406
0.972577
0.534391
0.144722
0.014865
0.989539
0.595042
0.621411
0.847169
0.850980
0.455201
0.212253
0.310056
0.933224
0.142922
0.621862
0.109287
0.811195
0.672631
0.114397
0.356509
0.247621
0.428285
0.199451
0.884783
0.879025
0.240159
0.803226
0.203729
0.142703
0.942016
0.739667
0.384326
0.616701
0.750478
0.242998
0.114619
0.852818
0.571296
0.724349
0.656033
0.477359
0.276958
0.919887
0.127570
0.519501
0.949471
0.343369
0.672627
0.604792
0.314367
0.145982
0.132448
0.991408
0.128752
0.390840
0.154369
0.299297
0.984617
0.006358
0.188281
0.658842
0.2
0.8
